#Parameters = {coat_thick=1e-10; L=500; a=38; acer=31; b=17; bcer=10; clearance=2; cth=10; fth=15; nmesh=10; wlength=5000; xbeam=0; xtest=0; ybeam=0; ytest=0}
#"Frequency / GHz"	"Z (coat_thick=1e-10) [Re / Ohm]"	"Z (coat_thick=1e-10) [Im / Ohm]"
#-------------------------------------------------------------------------------------
0.0000000000000	31.012981312425	-3.5987212915186e-11
0.010239144611436	31.157879198297	17.869633277647
0.020478289222872	31.607762214490	35.755045765716
0.030717433834308	32.390949643137	53.641989223182
0.040956578445743	33.512824334313	71.485336012437
0.051195723057179	34.933985858774	89.240496122921
0.061434867668615	36.583648019263	106.90137745524
0.071674012280051	38.398903755293	124.51311769309
0.081913156891487	40.358739082583	142.14934965578
0.092152301502923	42.487187931282	159.87323507893
0.10239144611436	44.826711178666	177.71314164382
0.11263059072579	47.406532021380	195.66883325653
0.12286973533723	50.231313970990	213.73737091471
0.13310887994867	53.294883869935	231.93353166775
0.14334802456010	56.601829974292	250.28849699108
0.15358716917154	60.175923762633	268.83227497795
0.16382631378297	64.049597565734	287.57905006932
0.17406545839441	68.247031230069	306.52911939714
0.18430460300585	72.777716548737	325.68374057361
0.19454374761728	77.645419616040	345.05751930584
0.20478289222872	82.862332616261	364.67716230427
0.21502203684015	88.454541459344	384.56974748901
0.22526118145159	94.454988269892	404.75336776761
0.23550032606302	100.89280415780	425.23923067828
0.24573947067446	107.79067031986	446.04200661348
0.25597861528590	115.17292287830	467.18717191609
0.26621775989733	123.07621252266	488.70781215176
0.27645690450877	131.55254110209	510.63423076668
0.28669604912020	140.66269374510	532.98648150438
0.29693519373164	150.46761937193	555.77624076095
0.30717433834308	161.02667367074	579.01469145953
0.31741348295451	172.40408291405	602.71738695101
0.32765262756595	184.67665957326	626.90076642723
0.33789177217738	197.93505182703	651.57374839242
0.34813091678882	212.27787684158	676.73253593053
0.35837006140025	227.80538066561	702.36295721620
0.36860920601169	244.61943620413	728.44667655034
0.37884835062313	262.82997178983	754.96371947841
0.38908749523456	282.56145960998	781.88764003131
0.39932663984600	303.95336671691	809.17696713773
0.40956578445743	327.15481448680	836.76973989673
0.41980492906887	352.31934553907	864.58400056362
0.43004407368031	379.60494853556	892.52043261459
0.44028321829174	409.17839597173	920.46083953915
0.45052236290318	441.21792577039	948.26020809269
0.46076150751461	475.90936235514	975.73630209379
0.47100065212605	513.43652329418	1002.6627419251
0.48123979673749	553.97109660206	1028.7675759366
0.49147894134892	597.66573414772	1053.7338554016
0.50171808596036	644.64863873894	1077.1975138017
0.51195723057179	695.01427335061	1098.7421657272
0.52219637518323	748.80683247335	1117.8958451842
0.53243551979466	805.99882562358	1134.1358058898
0.54267466440610	866.47103598936	1146.9034226965
0.55291380901754	929.99894391898	1155.6261770145
0.56315295362897	996.24651410503	1159.7423273231
0.57339209824041	1064.7658675132	1158.7263863864
0.58363124285184	1135.0029723436	1152.1158213260
0.59387038746328	1206.3122110036	1139.5377902509
0.60410953207472	1277.9817673386	1120.7303904434
0.61434867668615	1349.2660871313	1095.5509952786
0.62458782129759	1419.4155910652	1063.9686422418
0.63482696590902	1487.6934515090	1026.0461526387
0.64506611052046	1553.3763876413	981.92408267113
0.65530525513189	1615.7464146196	931.81724006366
0.66554439974333	1674.0859912828	876.02601310287
0.67578354435477	1727.6863609159	814.95539099083
0.68602268896620	1775.8708381765	749.13065289422
0.69626183357764	1818.0276039540	679.20159862181
0.70650097818907	1853.6443535973	605.93301377546
0.71674012280051	1882.3390624984	530.18306843848
0.72697926741195	1903.8834950481	452.87218821652
0.73721841202338	1918.2166528374	374.94482032796
0.74745755663482	1925.4452899811	297.32780016271
0.75769670124625	1925.8303768884	220.89121718660
0.76793584585769	1919.7623113376	146.41806920722
0.77817499046912	1907.7311230184	74.585955947176
0.78841413508056	1890.2979224443	5.9592894317335
0.79865327969200	1868.0703382946	-59.012375495669
0.80889242430343	1841.6808086163	-119.99326302489
0.81913156891487	1811.7656564095	-176.75764470284
0.82937071352630	1778.9451385990	-229.18161744008
0.83960985813774	1743.8071882682	-277.22989136112
0.84984900274918	1706.8973814480	-320.94009087535
0.86008814736061	1668.7147571027	-360.40841981557
0.87032729197205	1629.7103995634	-395.77869634340
0.88056643658348	1590.2858597812	-427.23353584988
0.89080558119492	1550.7912454157	-454.98506572909
0.90104472580636	1511.5252097325	-479.26425880201
0.91128387041779	1472.7386250199	-500.31081640116
0.92152301502923	1434.6409605093	-518.36642894917
0.93176215964066	1397.4062316821	-533.67218608171
0.94200130425210	1361.1761120414	-546.46797703742
0.95224044886353	1326.0606695980	-556.99086978575
0.96247959347497	1292.1392988887	-565.47145278378
0.97271873808641	1259.4637242486	-572.12980984662
0.98295788269784	1228.0623605646	-577.17339516756
0.99319702730928	1197.9436746883	-580.79707268838
1.0034361719207	1169.0972635088	-583.18322420133
1.0136753165321	1141.4940144046	-584.49971646148
1.0239144611436	1115.0881104764	-584.89587726854
1.0341536057550	1089.8222312624	-584.49908180394
1.0443927503665	1065.6344166736	-583.41457681827
1.0546318949779	1042.4635521684	-581.72871279163
1.0648710395893	1020.2517307212	-579.51324672330
1.0751101842008	998.94445042798	-576.82823030330
1.0853493288122	978.49097991886	-573.72315923683
1.0955884734236	958.84602012512	-570.23815982806
1.1058276180351	939.97146735383	-566.40685038708
1.1160667626465	921.83619916140	-562.26038869535
1.1263059072579	904.41332922869	-557.83044828814
1.1365450518694	887.67670913057	-553.14939618882
1.1467841964808	871.59913913185	-548.24828119502
1.1570233410923	856.15305484266	-543.15500084444
1.1672624857037	841.31211746058	-537.89442170587
1.1775016303151	827.05152706122	-532.48994905249
1.1877407749266	813.34654939032	-526.96446183656
1.1979799195380	800.17088386408	-521.33925367133
1.2082190641494	787.49684894815	-515.63183144492
1.2184582087609	775.29756972756	-509.85476782829
1.2286973533723	763.54930892557	-504.01686377456
1.2389364979837	752.23192055445	-498.12562881773
1.2491756425952	741.32728550573	-492.18885789330
1.2594147872066	730.81755663792	-486.21412103603
1.2696539318180	720.68508028157	-480.20717724138
1.2798930764295	710.91397896953	-474.17139220559
1.2901322210409	701.49156851704	-468.10910422735
1.3003713656524	692.40792365337	-462.02376749095
1.3106105102638	683.65382485308	-455.92082754133
1.3208496548752	675.21899550728	-449.80654881105
1.3310887994867	667.09223172484	-443.68608291364
1.3413279440981	659.26307606856	-437.56278599913
1.3515670887095	651.72313076318	-431.43943758368
1.3618062333210	644.46554703588	-425.32001578510
1.3720453779324	637.48317528255	-419.21012219785
1.3822845225438	630.76727173654	-413.11558232360
1.3925236671553	624.30807443880	-407.04065705370
1.4027628117667	618.09661717037	-400.98769667474
1.4130019563781	612.12588127533	-394.95855892294
1.4232411009896	606.39010058566	-388.95628774671
1.4334802456010	600.88296659032	-382.98530660856
1.4437193902125	595.59660993075	-377.04995006798
1.4539585348239	590.52240025636	-371.15288704162
1.4641976794353	585.65270135752	-365.29508154253
1.4744368240468	580.98173401536	-359.47731722710
1.4846759686582	576.50464579848	-353.70168362378
1.4949151132696	572.21575855351	-347.97147500505
1.5051542578811	568.10780714808	-342.28961148775
1.5153934024925	564.17293612690	-336.65721487011
1.5256325471039	560.40439567889	-331.07378072722
1.5358716917154	556.79718018302	-325.53870453644
1.5461108363268	553.34699313074	-320.05251209060
1.5563499809382	550.04869426172	-314.61647475621
1.5665891255497	546.89593805928	-309.23099831816
1.5768282701611	543.88248201176	-303.89447315236
1.5870674147726	541.00391963075	-298.60381970661
1.5973065593840	538.25816386352	-293.35624462246
1.6075457039954	535.64429505639	-288.15052968378
1.6177848486069	533.16103406350	-282.98672778488
1.6280239932183	530.80639711332	-277.86482953324
1.6382631378297	528.57875620627	-272.78401265647
1.6485022824412	526.47798855002	-267.74340980478
1.6587414270526	524.50527128569	-262.74365867811
1.6689805716640	522.66149183487	-257.78759580224
1.6792197162755	520.94571527657	-252.87927117633
1.6894588608869	519.35514071017	-248.02214672049
1.6996980054984	517.88649904077	-243.21814649386
1.7099371501098	516.53743120294	-238.46832524736
1.7201762947212	515.30649296283	-233.77426250771
1.7304154393327	514.19192522478	-229.13859426096
1.7406545839441	513.19063972296	-224.56406575600
1.7508937285555	512.29864046059	-220.05209286646
1.7611328731670	511.51258831007	-215.60237815234
1.7713720177784	510.83100701958	-211.21406853650
1.7816111623898	510.25397785723	-206.88737853115
1.7918503070013	509.78170007984	-202.62416118995
1.8020894516127	509.41340692169	-198.42703082683
1.8123285962241	509.14767664595	-194.29814090272
1.8225677408356	508.98365840534	-190.23903407645
1.8328068854470	508.92174349781	-186.25179894498
1.8430460300585	508.96278434539	-182.34034209831
1.8532851746699	509.10648864881	-178.51041092679
1.8635243192813	509.35049602763	-174.76826095136
1.8737634638928	509.69096194937	-171.11923650996
1.8840026085042	510.12394297796	-167.56759639658
1.8942417531156	510.64608886233	-164.11761009385
1.9044808977271	511.25390819934	-160.77463917458
1.9147200423385	511.94237853639	-157.54495735603
1.9249591869499	512.70435124688	-154.43439165878
1.9351983315614	513.53136358730	-151.44708831052
1.9454374761728	514.41500766100	-148.58555130497
1.9556766207842	515.34745205355	-145.85174704376
1.9659157653957	516.32063881299	-143.24794169059
1.9761549100071	517.32510929186	-140.77621746854
1.9863940546186	518.34985022917	-138.43700552582
1.9966331992300	519.38354113267	-136.22802542161
2.0068723438414	520.41617776184	-134.14464483904
2.0171114884529	521.43969879537	-132.18126807196
2.0273506330643	522.44729680272	-130.33238952167
2.0375897776757	523.43243739021	-128.59240378518
2.0478289222872	524.38884418071	-126.95464717036
2.0580680668986	525.31160594648	-125.41099790286
2.0683072115100	526.19829472996	-123.95279436761
2.0785463561215	527.04888364171	-122.57244409239
2.0887855007329	527.86442648081	-121.26434496206
2.0990246453443	528.64568470580	-120.02440920228
2.1092637899558	529.39289020901	-118.84887184858
2.1195029345672	530.10662061336	-117.73373367323
2.1297420791787	530.78860475210	-116.67545024479
2.1399812237901	531.44137140646	-115.67211695623
2.1502203684015	532.06689151406	-114.72383855265
2.1604595130130	532.66544341066	-113.83179005659
2.1706986576244	533.23572701794	-112.99681259220
2.1809378022358	533.77598438418	-112.21884776045
2.1911769468473	534.28487475348	-111.49762466211
2.2014160914587	534.76114685125	-110.83370720446
2.2116552360701	535.20243088561	-110.22864315300
2.2218943806816	535.60440013973	-109.68389744588
2.2321335252930	535.96117111279	-109.19950537036
2.2423726699045	536.26653940019	-108.77363854296
2.2526118145159	536.51482870526	-108.40328469281
2.2628509591273	536.70062055699	-108.08505880948
2.2730901037388	536.81790981279	-107.81504364162
2.2833292483502	536.85994271806	-107.58763909278
2.2935683929616	536.82037266017	-107.39455729454
2.3038075375731	536.69503486501	-107.22511744910
2.3140466821845	536.48296125904	-107.06783049556
2.3242858267959	536.18592697471	-106.91209280768
2.3345249714074	535.80715347927	-106.74880407006
2.3447641160188	535.35044089394	-106.56985464299
2.3550032606302	534.82034813084	-106.36750740356
2.3652424052417	534.22281928444	-106.13463405930
2.3754815498531	533.56516375180	-105.86568086061
2.3857206944646	532.85503244418	-105.55732089785
2.3959598390760	532.09918503231	-105.20798851802
2.4061989836874	531.30316586482	-104.81663736087
2.4164381282989	530.47213157921	-104.38189944617
2.4266772729103	529.61190336126	-103.90244724844
2.4369164175217	528.72907759381	-103.37814046302
2.4471555621332	527.82998492643	-102.81073124511
2.4573947067446	526.91946129724	-102.20334343822
2.4676338513560	526.00057974397	-101.55917758244
2.4778729959675	525.07550770223	-100.88065051189
2.4881121405789	524.14652698862	-100.16968672411
2.4983512851903	523.21614528064	-99.428666295762
2.5085904298018	522.28623217507	-98.660867499634
2.5188295744132	521.35716804675	-97.869805746739
2.5290687190247	520.42799729647	-97.058060889194
2.5393078636361	519.49753341729	-96.226751012597
2.5495470082475	518.56536948745	-95.376162081366
2.5597861528590	517.63184348875	-94.506860547907
2.5700252974704	516.69709041362	-93.620135350996
2.5802644420818	515.76025097858	-92.717334439312
2.5905035866933	514.81972470032	-91.798824569128
2.6007427313047	513.87424964740	-90.863697710815
2.6109818759161	512.92371952095	-89.910566846916
2.6212210205276	511.96891782437	-88.938658566328
2.6314601651390	511.01047209426	-87.948104945723
2.6416993097505	510.04813351751	-86.939176143246
2.6519384543619	509.08113457611	-85.911297739721
2.6621775989733	508.10924350281	-84.862913060027
2.6724167435848	507.13340504961	-83.792360267467
2.6826558881962	506.15529011918	-82.698871000389
2.6928950328076	505.17621469257	-81.582670573114
2.7031341774191	504.19654167429	-80.444096611339
2.7133733220305	503.21616957975	-79.282671767321
2.7236124666419	502.23557654371	-78.097104978910
2.7338516112534	501.25631328730	-76.886219436048
2.7440907558648	500.28042038343	-75.649836826507
2.7543299004762	499.30937097808	-74.388695996804
2.7645690450877	498.34363371809	-73.103494052719
2.7748081896991	497.38330056390	-71.794051647278
2.7850473343106	496.42911355137	-70.459469775982
2.7952864789220	495.48281316825	-69.099107976862
2.8055256235334	494.54644414425	-67.713358995171
2.8157647681449	493.62134333222	-66.303412671936
2.8260039127563	492.70786225966	-64.870259800239
2.8362430573677	491.80610583807	-63.413978041808
2.8464822019792	490.91690776039	-61.934043074335
2.8567213465906	490.04201970262	-60.430335720403
2.8669604912020	489.18331555078	-58.903791469145
2.8771996358135	488.34183952123	-57.356016055616
2.8874387804249	487.51768607717	-55.788271351127
2.8976779250363	486.71082816911	-54.200890193260
2.9079170696478	485.92202153182	-52.593726900244
2.9181562142592	485.15283766669	-50.967168307372
2.9283953588707	484.40479056684	-49.322648979822
2.9386345034821	483.67846616570	-47.662137275247
2.9488736480935	482.97355434245	-45.987135563549
2.9591127927050	482.28973466133	-44.298242615838
2.9693519373164	481.62747214228	-42.595734435992
2.9795910819278	480.98787156984	-40.880552465603
2.9898302265393	480.37171879399	-39.154659315673
3.0000693711507	479.77868114749	-37.420376010816
3.0103085157621	479.20746923059	-35.679365286833
3.0205476603736	478.65676204845	-33.932277060027
3.0307868049850	478.12591450124	-32.179363442136
3.0410259495964	477.61471621692	-30.421348082113
3.0512650942079	477.12248745105	-28.659569034771
3.0615042388193	476.64751498894	-26.895182371519
3.0717433834308	476.18749770314	-25.128211672439
3.0819825280422	475.74063446689	-23.357414119266
3.0922216726536	475.30632614057	-21.581113814484
3.1024608172651	474.88486322806	-19.798181318081
3.1126999618765	474.47650995844	-18.008222937648
3.1229391064879	474.08099020636	-16.210895190975
3.1331782510994	473.69791721666	-14.405182566652
3.1434173957108	473.32768121211	-12.589505785872
3.1536565403222	472.97179725871	-10.762637207610
3.1638956849337	472.63225744267	-8.9245255501337
3.1741348295451	472.31046116867	-7.0761910136299
3.1843739741566	472.00674057129	-5.2187855357655
3.1946131187680	471.72089315889	-3.3527505064417
3.2048522633794	471.45311178732	-1.4778777253165
3.2150914079909	471.20432470786	0.40587259576094
3.2253305526023	470.97561038575	2.2977239562944
3.2355696972137	470.76734302534	4.1963314466752
3.2458088418252	470.57901555108	6.1006858221036
3.2560479864366	470.40997467149	8.0107215961023
3.2662871310480	470.26033577341	9.9269660841549
3.2765262756595	470.13113810293	11.849556897025
3.2867654202709	470.02357307108	13.777613234543
3.2970045648823	469.93806751940	15.709584326723
3.3072437094938	469.87414250071	17.644192939015
3.3174828541052	469.83115498052	19.580988582085
3.3277219987167	469.80911375224	21.519947729396
3.3379611433281	469.80869375338	23.460560970625
3.3482002879395	469.83041831711	25.401382849862
3.3584394325510	469.87384983693	27.340534676885
3.3686785771624	469.93761762715	29.276657008989
3.3789177217738	470.02023506773	31.209347264742
3.3891568663853	470.12083750930	33.138668651579
3.3993960109967	470.23906715016	35.064299120525
3.4096351556081	470.37424095551	36.985272647224
3.4198743002196	470.52470956178	38.900646489086
3.4301134448310	470.68813993712	40.810451877580
3.4403525894424	470.86251193746	42.715970279065
3.4505917340539	471.04688840672	44.619052158354
3.4608308786653	471.24125724226	46.521158435585
3.4710700232768	471.44569871930	48.423057682833
3.4813091678882	471.65980643928	50.325399560097
3.4915483124996	471.88298740992	52.229457901803
3.5017874571111	472.11531155601	54.137164498273
3.5120266017225	472.35797815947	56.050312653459
3.5222657463339	472.61284848111	57.969700031275
3.5325048909454	472.88146043163	59.895068313719
3.5427440355568	473.16448125767	61.825888428147
3.5529831801682	473.46210261396	63.762177776655
3.5632223247797	473.77490975318	65.704518674845
3.5734614693911	474.10427635510	67.653290996477
3.5837006140025	474.45184652017	69.607955142036
3.5939397586140	474.81862975304	71.567166429338
3.6041789032254	475.20464549225	73.529629891182
3.6144180478369	475.60948378410	75.494828555140
3.6246571924483	476.03319569113	77.462888830336
3.6348963370597	476.47658694599	79.433745589400
3.6451354816712	476.94061505028	81.406497048340
3.6553746262826	477.42552743395	83.379636814751
3.6656137708940	477.93064759481	85.351931278220
3.6758529155055	478.45503801558	87.323035831290
3.6860920601169	478.99835317847	89.293216758356
3.6963312047283	479.56099927076	91.262479475569
3.7065703493398	480.14344294523	93.230021934505
3.7168094939512	480.74540025114	95.194589931201
3.7270486385627	481.36576067344	97.155367890285
3.7372877831741	482.00333259548	99.112480056880
3.7475269277855	482.65763958491	101.06658502943
3.7577660723970	483.32894615262	103.01799318772
3.7680052170084	484.01749811865	104.96623267813
3.7782443616198	484.72278275497	106.91051857562
3.7884835062313	485.44359165548	108.85063563803
3.7987226508427	486.17883019398	110.78731438494
3.8089617954541	486.92823958604	112.72171132685
3.8192009400656	487.69229320684	114.65454000067
3.8294400846770	488.47139627100	116.58576129745
3.8396792292884	489.26524940699	118.51515178961
3.8499183738999	490.07306729322	120.44314435262
3.8601575185113	490.89445004031	122.37104235658
3.8703966631228	491.73001988584	124.30035326610
3.8806358077342	492.58117314081	126.23189740201
3.8908749523456	493.44920838121	128.16557518868
3.9011140969571	494.33472642785	130.10098723523
3.9113532415685	495.23789685854	132.03821778709
3.9215923861799	496.15926853177	133.97793554156
3.9318315307914	497.10022890251	135.92069626587
3.9420706754028	498.06258688369	137.86618171368
3.9523098200142	499.04767790515	139.81318818646
3.9625489646257	500.05589993514	141.76040248722
3.9727881092371	501.08715083615	143.70718330377
3.9830272538485	502.14170709140	145.65355869713
3.9932663984600	503.22063183134	147.59946336985
4.0035055430714	504.32529660933	149.54402478310
4.0137446876829	505.45652685549	151.48564712590
4.0239838322943	506.61426951980	153.42280221907
4.0342229769057	507.79812972998	155.35469557894
4.0444621215172	509.00821026123	157.28110738827
4.0547012661286	510.24536815423	159.20157272733
4.0649404107400	511.51061008110	161.11475836783
4.0751795553515	512.80424659576	163.01869067147
4.0854186999629	514.12567630319	164.91160323037
4.0956578445743	515.47401293669	166.79252972983
4.1058969891858	516.84888971471	168.66103836754
4.1161361337972	518.25059413352	170.51640486962
4.1263752784086	519.67939112123	172.35710994775
4.1366144230201	521.13474623248	174.18120879746
4.1468535676315	522.61527126425	175.98720844484
4.1570927122430	524.11946677412	177.77455545547
4.1673318568544	525.64651014516	179.54323777128
4.1775710014658	527.19629488305	181.29292044989
4.1878101460773	528.76870916781	183.02250992739
4.1980492906887	530.36293051662	184.73058179603
4.2082884353001	531.97748518238	186.41619647687
4.2185275799116	533.61100743224	188.07921925940
4.2287667245230	535.26288791717	189.71978282696
4.2390058691344	536.93310377047	191.33743605212
4.2492450137459	538.62136975187	192.93086528671
4.2594841583573	540.32645691948	194.49849444856
4.2697233029688	542.04635592026	196.03937162979
4.2799624475802	543.77909407897	197.55346812411
4.2902015921916	545.52335513300	199.04114089411
4.3004407368031	547.27828467692	200.50238454269
4.3106798814145	549.04274365733	201.93670727113
4.3209190260259	550.81487231297	203.34378935261
4.3311581706374	552.59251542170	204.72423099758
4.3413973152488	554.37415772275	206.07956370111
4.3516364598602	556.15946605096	207.41143080162
4.3618756044717	557.94891018077	208.72068268351
4.3721147490831	559.74285064367	210.00720989622
4.3823538936945	561.54099059016	211.27057621893
4.3925930383060	563.34266895623	212.51070744725
4.4028321829174	565.14757069161	213.72787600219
4.4130713275289	566.95599175226	214.92200272899
4.4233104721403	568.76827706013	216.09204959887
4.4335496167517	570.58393996864	217.23620835422
4.4437887613632	572.40133393983	218.35277088894
4.4540279059746	574.21819658273	219.44085583736
4.4642670505860	576.03249491348	220.50031007317
4.4745061951975	577.84269949581	221.53095731927
4.4847453398089	579.64722025828	222.53204031014
4.4949844844203	581.44361848345	223.50249500569
4.5052236290318	583.22844893010	224.44182232779
4.5154627736432	584.99793460257	225.35069549171
4.5257019182546	586.74881506444	226.23071285585
4.5359410628661	588.47853642128	227.08359193162
4.5461802074775	590.18464589395	227.91067425906
4.5564193520890	591.86408896844	228.71327458441
4.5666584967004	593.51320965859	229.49351415876
4.5768976413118	595.12851803450	230.25476199283
4.5871367859233	596.70748440111	231.00120917505
4.5973759305347	598.24858818710	231.73700043979
4.6076150751461	599.75062502672	232.46580417653
4.6178542197576	601.21204776665	233.19123897320
4.6280933643690	602.63107941770	233.91767488924
4.6383325089804	604.00652764485	234.65053057487
4.6485716535919	605.33849537740	235.39570739896
4.6588107982033	606.62828756886	236.15869533555
4.6690499428147	607.87764885301	236.94421921189
4.6792890874262	609.08815798776	237.75672014808
4.6895282320376	610.26143029594	238.60108628685
4.6997673766491	611.39992172895	239.48278047810
4.7100065212605	612.50748444620	240.40713953533
4.7202456658719	613.58906731538	241.37848535811
4.7304848104834	614.64983187388	242.39988832208
4.7407239550948	615.69454942304	243.47374881770
4.7509630997062	616.72783709834	244.60251823495
4.7612022443177	617.75490238167	245.78874802361
4.7714413889291	618.78192537873	247.03437262831
4.7816805335405	619.81558092197	248.33994899619
4.7919196781520	620.86209876397	249.70463773252
4.8021588227634	621.92674330207	251.12695307521
4.8123979673749	623.01415944577	252.60552209343
4.8226371119863	624.12913261772	254.13909950960
4.8328762565977	625.27688727123	255.72587657673
4.8431154012092	626.46254213424	257.36287244261
4.8533545458206	627.69023535258	259.04612021392
4.8635936904320	628.96279321138	260.77153663634
4.8738328350435	630.28226486567	262.53565377423
4.8840719796549	631.65075778711	264.33553546143
4.8943111242663	633.07071122363	266.16804959190
4.9045502688778	634.54434775070	268.02933313742
4.9147894134892	636.07291510445	269.91507462374
4.9250285581006	637.65655957394	271.82137095512
4.9352677027121	639.29501801514	273.74529987621
4.9455068473235	640.98846123416	275.68463075146
4.9557459919350	642.73766006044	277.63698223933
4.9659851365464	644.54334644111	279.59930132664
4.9762242811578	646.40547390912	281.56819338727
4.9864634257693	648.32317635601	283.54073797023
4.9967025703807	650.29548313627	285.51491521610
5.0069417149921	652.32204719267	287.48917603054
5.0171808596036	654.40311958628	289.46158883502
5.0274200042150	656.53878417066	291.42944625848
5.0376591488264	658.72823580550	293.38974464619
5.0478982934379	660.96984071679	295.34004791065
5.0581374380493	663.26190508466	297.27885543084
5.0683765826607	665.60334622934	299.20511958611
5.0786157272722	667.99357373382	301.11745145039
5.0888548718836	670.43172635223	303.01387903029
5.0990940164951	672.91609673900	304.89243989831
5.1093331611065	675.44439066182	306.75200780119
5.1195723057179	678.01460188731	308.59249382093
5.1298114503294	680.62564116920	310.41419973162
5.1400505949408	683.27710901259	312.21697130236
5.1502897395522	685.96848546608	313.99999572645
5.1605288841637	688.69860459659	315.76240668864
5.1707680287751	691.46596775922	317.50401503276
5.1810071733865	694.26955851823	319.22535600433
5.1912463179980	697.10928678396	320.92696694929
5.2014854626094	699.98557111088	322.60862425154
5.2117246072208	702.89846726832	324.26932079321
5.2219637518323	705.84722648900	325.90799852436
5.2322028964437	708.83071883222	327.52426602111
5.2424420410552	711.84825218610	329.11835011092
5.2526811856666	714.89990139147	330.69033628601
5.2629203302780	717.98597157101	332.23950454395
5.2731594748895	721.10612515179	333.76447976933
5.2833986195009	724.25905943433	335.26407886360
5.2936377641123	727.44305911128	336.73802284654
5.3038769087238	730.65685481389	338.18683399819
5.3141160533352	733.89992811052	339.61109228637
5.3243551979466	737.17201600234	341.01088298416
5.3345943425581	740.47243540761	342.38603617820
5.3448334871695	743.80005113620	343.73688102490
5.3550726317810	747.15402475953	345.06464049440
5.3653117763924	750.53461872798	346.37091854474
5.3755509210038	753.94320055393	347.65666070259
5.3857900656153	757.38135263164	348.92154213201
5.3960292102267	760.84987545359	350.16435162984
5.4062683548381	764.34857264254	351.38397851071
5.4165074994496	767.87692259872	352.58004884180
5.4267466440610	771.43487722366	353.75266046849
5.4369857886724	775.02296068515	354.90160323978
5.4472249332839	778.64161693411	356.02595165870
5.4574640778953	782.29055050118	357.12447923546
5.4677032225067	785.96879215873	358.19644719221
5.4779423671182	789.67542771600	359.24191675293
5.4881815117296	793.41020307941	360.26124840460
5.4984206563411	797.17333614706	361.25433718797
5.5086598009525	800.96471189600	362.22044850411
5.5188989455639	804.78332549347	363.15891611932
5.5291380901754	808.62763809519	364.07005778284
5.5393772347868	812.49661083973	364.95539414643
5.5496163793982	816.39050166886	365.81691033209
5.5598555240097	820.31074062940	366.65601174233
5.5700946686211	824.25909561451	367.47307135439
5.5803338132325	828.23697845089	368.26781699485
5.5905729578440	832.24548410376	369.03995938127
5.6008121024554	836.28590928415	369.78929710235
5.6110512470668	840.35997426897	370.51519870927
5.6212903916783	844.46932626628	371.21612125728
5.6315295362897	848.61474490600	371.88985005869
5.6417686809012	852.79588437373	372.53439372400
5.6520078255126	857.01190397028	373.14873594863
5.6622469701240	861.26244429901	373.73272424203
5.6724861147355	865.54803722624	374.28621345259
5.6827252593469	869.86959803635	374.80832077232
5.6929644039583	874.22757252483	375.29751751093
5.7032035485698	878.62164533520	375.75240850223
5.7134426931812	883.05130993667	376.17233625343
5.7236818377926	887.51668327692	376.55713689390
5.7339209824041	892.01867600532	376.90627364182
5.7441601270155	896.55829117427	377.21824504933
5.7543992716269	901.13573614091	377.49090501407
5.7646384162384	905.75024466992	377.72240203621
5.7748775608498	910.40079245997	377.91180734405
5.7851167054613	915.08698410044	378.05881709483
5.7953558500727	919.80922693986	378.16285711581
5.8055949946841	924.56805110880	378.22251444023
5.8158341392956	929.36330956468	378.23585718642
5.8260732839070	934.19409153556	378.20126961298
5.8363124285184	939.05941314645	378.11790035662
5.8465515731299	943.95892261893	377.98524717397
5.8567907177413	948.89284184259	377.80232914182
5.8670298623527	953.86117727457	377.56735011556
5.8772690069642	958.86301952843	377.27825594266
5.8875081515756	963.89668488084	376.93365288545
5.8977472961871	968.96059559382	376.53316264436
5.9079864407985	974.05403788679	376.07685258947
5.9182255854099	979.17706376997	375.56431516409
5.9284647300214	984.32968032638	374.99430839737
5.9387038746328	989.51118255510	374.36526621213
5.9489430192442	994.72029661497	373.67608126184
5.9591821638557	999.95591959600	372.92630408363
5.9694213084671	1005.2176037673	372.11555555614
5.9796604530785	1010.5052130528	371.24281857456
5.9898995976900	1015.8180831932	370.30643405295
6.0001387423014	1021.1545877856	369.30489614690
6.0103778869128	1026.5126355184	368.23768207788
6.0206170315243	1031.8906773073	367.10526977674
6.0308561761357	1037.2882674366	365.90829294090
6.0410953207472	1042.7056610801	364.64664128343
6.0513344653586	1048.1428926409	363.31934783200
6.0615736099700	1053.5992716189	361.92528464717
6.0718127545815	1059.0737532951	360.46387067112
6.0820518991929	1064.5657038017	358.93502956314
6.0922910438043	1070.0751728305	357.33847339305
6.1025301884158	1075.6023391171	355.67313585907
6.1127693330272	1081.1467170051	353.93743589964
6.1230084776386	1086.7070199367	352.13015831962
6.1332476222501	1092.2819211864	350.25103336053
6.1434867668615	1097.8710012257	348.30034147734
6.1537259114729	1103.4749196472	346.27783778805
6.1639650560844	1109.0945805162	344.18199431013
6.1742042006958	1114.7300397914	342.01026792936
6.1844433453073	1120.3801355907	339.76010833617
6.1946824899187	1126.0430786134	337.42973578056
6.2049216345301	1131.7172962769	335.01803003836
6.2151607791416	1137.4016503347	332.52383052358
6.2253999237530	1143.0948994745	329.94553885258
6.2356390683644	1148.7951395891	327.28152379109
6.2458782129759	1154.4999981275	324.53088291180
6.2561173575873	1160.2075263297	321.69363787492
6.2663565021987	1165.9169039124	318.76996908274
6.2765956468102	1171.6281449860	315.75910609061
6.2868347914216	1177.3409408245	312.65892881151
6.2970739360331	1183.0536453569	309.46671467719
6.3073130806445	1188.7633080300	306.18038787443
6.3175522252559	1194.4666728569	302.79916870266
6.3277913698674	1200.1611781584	299.32313751764
6.3380305144788	1205.8450839155	295.75228191494
6.3482696590902	1211.5167937311	292.08602071875
6.3585088037017	1217.1742395868	288.32359442261
6.3687479483131	1222.8150445142	284.46474509178
6.3789870929245	1228.4372658083	280.50980300668
6.3892262375360	1234.0398349168	276.45896348978
6.3994653821474	1239.6220852103	272.31145769418
6.4097045267588	1245.1827108773	268.06551093531
6.4199436713703	1250.7191275452	263.71922641349
6.4301828159817	1256.2278431567	259.27161085656
6.4404219605932	1261.7054659712	254.72282734821
6.4506611052046	1267.1493903401	250.07354896957
6.4609002498160	1272.5576049574	245.32416583103
6.4711393944275	1277.9280157919	240.47465458291
6.4813785390389	1283.2581544704	235.52511771475
6.4916176836503	1288.5456470620	230.47621630800
6.5018568282618	1293.7888881814	225.32881267739
6.5120959728732	1298.9870193137	220.08303137149
6.5223351174846	1304.1389625901	214.73769239356
6.5325742620961	1309.2422654923	209.29084516285
6.5428134067075	1314.2928199376	203.74111245336
6.5530525513189	1319.2857757556	198.08875687431
6.5632916959304	1324.2168962691	192.33561958044
6.5735308405418	1329.0832663534	186.48411483919
6.5837699851533	1333.8829696639	180.53625263838
6.5940091297647	1338.6143431394	174.49343783358
6.6042482743761	1343.2756685411	168.35685741053
6.6144874189876	1347.8654582472	162.12765306104
6.6247265635990	1352.3826519778	155.80645071147
6.6349657082104	1356.8260338076	149.39275952439
6.6452048528219	1361.1930758077	142.88518593720
6.6554439974333	1365.4792719762	136.28275741663
6.6656831420447	1369.6788573663	129.58649514945
6.6759222866562	1373.7866448579	122.79990066379
6.6861614312676	1377.7996396726	115.92780407336
6.6964005758790	1381.7171804582	108.97439423905
6.7066397204905	1385.5395740913	101.94192853128
6.7168788651019	1389.2664092306	94.830967406776
6.7271180097134	1392.8958312261	87.641641945543
6.7373571543248	1396.4250250218	80.374716546037
6.7475962989362	1399.8510560566	73.031693014061
6.7578354435477	1403.1711190082	65.614317009908
6.7680745881591	1406.3821314416	58.124413039059
6.7783137327705	1409.4804709778	50.564448507880
6.7885528773820	1412.4625555619	42.938235039684
6.7987920219934	1415.3260182391	35.250819231565
6.8090311666048	1418.0704498118	27.507312269532
6.8192703112163	1420.6969232900	19.711459382105
6.8295094558277	1423.2065661051	11.865077235869
6.8397486004392	1425.5992689828	3.9687506479464
6.8499877450506	1427.8734188541	-3.9768834849510
6.8602268896620	1430.0265702846	-11.970291738693
6.8704660342735	1432.0562298678	-20.009040486229
6.8807051788849	1433.9601150704	-28.090161316218
6.8909443234963	1435.7360475752	-36.210218313101
6.9011834681078	1437.3821107024	-44.365026284199
6.9114226127192	1438.8973126889	-52.549628609001
6.9216617573306	1440.2822087972	-60.759037359740
6.9319009019421	1441.5386828866	-68.989420110789
6.9421400465535	1442.6687545703	-77.238769584228
6.9523791911649	1443.6732340310	-85.506380290817
6.9626183357764	1444.5512912211	-93.791480548728
6.9728574803878	1445.3012274478	-102.09212628735
6.9830966249993	1445.9216764318	-110.40518037622
6.9933357696107	1446.4121701644	-118.72715190169
7.0035749142221	1446.7727558899	-127.05491266211
7.0138140588336	1447.0033485877	-135.38559572372
7.0240532034450	1447.1037074585	-143.71597588998
7.0342923480564	1447.0741373514	-152.04225858210
7.0445314926679	1446.9160940758	-160.36077779153
7.0547706372793	1446.6318306832	-168.66906229706
7.0650097818907	1446.2231558320	-176.96618561061
7.0752489265022	1445.6903380126	-185.25189240750
7.0854880711136	1445.0321634525	-193.52515303835
7.0957272157250	1444.2471193181	-201.78337087917
7.1059663603365	1443.3346459064	-210.02286013577
7.1162055049479	1442.2954046756	-218.24002425422
7.1264446495594	1441.1305209036	-226.43208318451
7.1366837941708	1439.8407389047	-234.59677805641
7.1469229387822	1438.4263898160	-242.73158777914
7.1571620833937	1436.8881014441	-250.83346495300
7.1674012280051	1435.2273267116	-258.89946407313
7.1776403726165	1433.4459416365	-266.92758962795
7.1878795172280	1431.5451814613	-274.91686346460
7.1981186618394	1429.5249617090	-282.86637046316
7.2083578064508	1427.3843268445	-290.77410772788
7.2185969510623	1425.1226708179	-298.63671598521
7.2288360956737	1422.7406077684	-306.45032894073
7.2390752402851	1420.2397303801	-314.21169267831
7.2493143848966	1417.6216079914	-321.91849126529
7.2595535295080	1414.8870974664	-329.56867466491
7.2697926741195	1412.0366356543	-337.15961421604
7.2800318187309	1409.0710993828	-344.68803775339
7.2902709633423	1405.9922086558	-352.15080536574
7.3005101079538	1402.8019561547	-359.54563608316
7.3107492525652	1399.5016300754	-366.87090686987
7.3209883971766	1396.0914978907	-374.12462241666
7.3312275417881	1392.5715809809	-381.30357082297
7.3414666863995	1388.9428203407	-388.40355355457
7.3517058310109	1385.2074940083	-395.42050938060
7.3619449756224	1381.3684779518	-402.35143779386
7.3721841202338	1377.4281066647	-409.19422301972
7.3824232648453	1373.3877875988	-415.94657735706
7.3926624094567	1369.2487388927	-422.60521458749
7.4029015540681	1365.0130602832	-429.16610971058
7.4131406986796	1360.6840110934	-435.62556469270
7.4233798432910	1356.2652024710	-441.98095999392
7.4336189879024	1351.7595463971	-448.23039854346
7.4438581325139	1347.1690621094	-454.37160028951
7.4540972771253	1342.4957559569	-460.40118373367
7.4643364217367	1337.7426858111	-466.31506974927
7.4745755663482	1332.9141435309	-472.10958538761
7.4848147109596	1328.0148157038	-477.78213880989
7.4950538555710	1323.0488397659	-483.33081144022
7.5052930001825	1318.0197555989	-488.75336276376
7.5155321447939	1312.9313828066	-494.04675669452
7.5257712894054	1307.7886574782	-499.20775241999
7.5360104340168	1302.5974929850	-504.23395502525
7.5462495786282	1297.3637609599	-509.12420451909
7.5564887232397	1292.0924393907	-513.87785005132
7.5667278678511	1286.7878403368	-518.49361946078
7.5769670124625	1281.4547380615	-522.96923804503
7.5872061570740	1276.0993000648	-527.30220617495
7.5974453016854	1270.7289311451	-531.49098334545
7.6076844462968	1265.3512523957	-535.53545068231
7.6179235909083	1259.9732904871	-539.43631322515
7.6281627355197	1254.6016644334	-543.19421655236
7.6384018801311	1249.2434489500	-546.80961621340
7.6486410247426	1243.9066498730	-550.28358365995
7.6588801693540	1238.5996425000	-553.61867758842
7.6691193139655	1233.3300588180	-556.81889007718
7.6793584585769	1228.1042502110	-559.88863793172
7.6895976031883	1222.9278950703	-562.83180077129
7.6998367477998	1217.8071309157	-565.65180318993
7.7100758924112	1212.7490212120	-568.35267519640
7.7203150370226	1207.7608375065	-570.94000677684
7.7305541816341	1202.8488622872	-573.42081793754
7.7407933262455	1198.0179087487	-575.80250159419
7.7510324708569	1193.2719765480	-578.09197125072
7.7612716154684	1188.6152246086	-580.29591083645
7.7715107600798	1184.0520674826	-582.42179760981
7.7817499046912	1179.5861365102	-584.47844174588
7.7919890493027	1175.2191505639	-586.47518708140
7.8022281939141	1170.9510279641	-588.42030971083
7.8124673385256	1166.7814531982	-590.32012737388
7.8227064831370	1162.7116482484	-592.17984000669
7.8329456277484	1158.7447568026	-594.00556482495
7.8431847723599	1154.8844215308	-595.80590297612
7.8534239169713	1151.1327169060	-597.59177960558
7.8636630615827	1147.4890848118	-599.37483967257
7.8739022061942	1143.9508901151	-601.16586833492
7.8841413508056	1140.5147298470	-602.97444485739
7.8943804954170	1137.1771354134	-604.80970055076
7.9046196400285	1133.9341809265	-606.68103172538
7.9148587846399	1130.7807443786	-608.59789527021
7.9250979292514	1127.7104634298	-610.56897879420
7.9353370738628	1124.7165435681	-612.60178743071
7.9455762184742	1121.7925335954	-614.70322846674
7.9558153630857	1118.9321398301	-616.88063647931
7.9660545076971	1116.1281595415	-619.14212961277
7.9762936523085	1113.3715770126	-621.49584634288
7.9865327969200	1110.6517184273	-623.94878768470
7.9967719415314	1107.9572313261	-626.50640617098
8.0070110861428	1105.2767464463	-629.17325411961
8.0172502307543	1102.5984042728	-631.95378333576
8.0274893753657	1099.9087029744	-634.85209524189
8.0377285199771	1097.1920262182	-637.87046210351
8.0479676645886	1094.4317405945	-641.00778316867
8.0582068092000	1091.6123012654	-644.25942146106
8.0684459538115	1088.7207870651	-647.61873836420
8.0786850984229	1085.7467188778	-651.07916843039
8.0889242430343	1082.6804829536	-654.63526891300
8.0991633876458	1079.5117653421	-658.28218016115
8.1094025322572	1076.2291222764	-662.01430161721
8.1196416768686	1072.8205820868	-665.82439296002
8.1298808214801	1069.2743226647	-669.70348932590
8.1401199660915	1065.5788177154	-673.64099117969
8.1503591107029	1061.7228755209	-677.62421909172
8.1605982553144	1057.6964458879	-681.63766492038
8.1708373999258	1053.4923352128	-685.66301307510
8.1810765445372	1049.1077801974	-689.68068454811
8.1913156891487	1044.5445101548	-693.67234016908
8.2015548337601	1039.8069696472	-697.62275573127
8.2117939783716	1034.8998628016	-701.51983847104
8.2220331229830	1029.8266894664	-705.35302696911
8.2322722675944	1024.5899855990	-709.11151884935
8.2425114122059	1019.1925164829	-712.78359323302
8.2527505568173	1013.6381245941	-716.35702451716
8.2629897014287	1007.9317346556	-719.81958068398
8.2732288460402	1002.0791917218	-723.15886759978
8.2834679906516	996.08783055461	-726.36192905734
8.2937071352630	989.96768950913	-729.41569049300
8.3039462798745	983.73218235022	-732.30869044371
8.3141854244859	977.39711142382	-735.03316497915
8.3244245690973	970.97823407698	-737.58588283232
8.3346637137088	964.48892270793	-739.96696610158
8.3449028583202	957.93945094280	-742.17754791047
8.3551420029317	951.33806295794	-744.21797283150
8.3653811475431	944.69256804516	-746.08754223639
8.3756202921545	938.01109022919	-747.78530172288
8.3858594367660	931.30179029810	-749.31058341279
8.3960985813774	924.57255122137	-750.66267212556
8.4063377259888	917.83153955592	-751.84025813101
8.4165768706003	911.08835443640	-752.84181508782
8.4268160152117	904.35449792970	-753.66713941912
8.4370551598231	897.64227522034	-754.31894233430
8.4472943044346	890.96266174403	-754.80305150107
8.4575334490460	884.32371669235	-755.12689129253
8.4677725936575	877.73068989180	-755.29740300525
8.4780117382689	871.18746834226	-755.31995935262
8.4882508828803	864.69793318140	-755.19875520767
8.4984900274918	858.26618742151	-754.93774357327
8.5087291721032	851.89598722804	-754.54087347484
8.5189683167146	845.59058041252	-754.01143397744
8.5292074613261	839.35360393154	-753.35153557331
8.5394466059375	833.19032952109	-752.56280262991
8.5496857505489	827.10787225416	-751.64811232716
8.5599248951604	821.11378699479	-750.61298825677
8.5701640397718	815.21400147263	-749.46537085377
8.5804031843832	809.41171434330	-748.21390040382
8.5906423289947	803.70799997345	-746.86616123437
8.6008814736061	798.10329079244	-745.42822878584
8.6111206182176	792.59823857012	-743.90546822869
8.6213597628290	787.19333513750	-742.30330700764
8.6315989074404	781.88813788958	-740.62690588458
8.6418380520519	776.68143015946	-738.88003808500
8.6520771966633	771.57262482118	-737.06455755669
8.6623163412747	766.56326457729	-735.18141795321
8.6725554858862	761.65714090109	-733.23268240902
8.6827946304976	756.85874989237	-731.22290749047
8.6930337751090	752.17133599931	-729.15880850181
8.7032729197205	747.59608163771	-727.04770659193
8.7135120643319	743.13277613875	-724.89629819227
8.7237512089433	738.78082054908	-722.71072247358
8.7339903535548	734.53923577404	-720.49735324765
8.7442294981662	730.40563175308	-718.26286415868
8.7544686427777	726.37549154015	-716.01287544742
8.7647077873891	722.44310576377	-713.75013649485
8.7749469320005	718.60398215687	-711.47401569765
8.7851860766120	714.85702879616	-709.18214216417
8.7954252212234	711.20480740682	-706.87321321363
8.8056643658348	707.65171027719	-704.54900618096
8.8159035104463	704.20153328427	-702.21441586225
8.8261426550577	700.85609240304	-699.87604304316
8.8363817996691	697.61524890322	-697.54080283375
8.8466209442806	694.47739113685	-695.21540269138
8.8568600888920	691.43940417589	-692.90620443595
8.8670992335034	688.49631517759	-690.61846422390
8.8773383781149	685.64173634186	-688.35481241149
8.8875775227263	682.86980320912	-686.11411289533
8.8978166673378	680.17787780566	-683.89206645226
8.9080558119492	677.56832685360	-681.68372734505
8.9182949565606	675.04822055983	-679.48662237059
8.9285341011721	672.62731456290	-677.30284012397
8.9387732457835	670.31567366401	-675.13952517510
8.9490123903949	668.12188205461	-673.00846153037
8.9592515350064	666.05162541043	-670.92554524659
8.9694906796178	664.10599355761	-668.90995181640
8.9797298242292	662.27975237889	-666.98206371333
8.9899689688407	660.56105391520	-665.15993264434
9.0002081134521	658.93395505103	-663.45580555835
9.0104472580636	657.38324066131	-661.87526074870
9.0206864026750	655.89882824634	-660.42037792049
9.0309255472864	654.47656129784	-659.09562482531
9.0411646918979	653.11421516283	-657.91293878356
9.0514038365093	651.80461543908	-656.89268132262
9.0616429811207	650.52954996752	-656.05962081233
9.0718821257322	649.25744554317	-655.43589091056
9.0821212703436	647.94547058097	-655.03401236069
9.0923604149550	646.54474930050	-654.85223886449
9.1025995595665	645.00685308776	-654.87297582621
9.1128387041779	643.29019073114	-655.06415776628
9.1230778487893	641.36520495793	-655.38333423950
9.1333169934008	639.21706818731	-655.78388957969
9.1435561380122	636.84468910805	-656.22180346017
9.1537952826237	634.25613895874	-656.66042354874
9.1640344272351	631.46262934537	-657.07119846036
9.1742735718465	628.47427516387	-657.43049903391
9.1845127164580	625.29979172624	-657.71510963460
9.1947518610694	621.94956775069	-657.89968371812
9.2049910056808	618.43933319007	-657.95775249358
9.2152301502923	614.79167429855	-657.86517363660
9.2254692949037	611.03471477800	-657.60346656298
9.2357084395151	607.19940268264	-657.16130065579
9.2459475841266	603.31720890628	-656.53436337433
9.2561867287380	599.41870807706	-655.72491759896
9.2664258733494	595.53217475184	-654.74168416476
9.2766650179609	591.68147747045	-653.59930582871
9.2869041625723	587.88392572070	-652.31631104391
9.2971433071838	584.14964891944	-650.91172888477
9.3073824517952	580.48332943621	-649.40203551830
9.3176215964066	576.88725761980	-647.80021732109
9.3278607410181	573.36357030713	-646.11711415783
9.3380998856295	569.91435731590	-644.36336816106
9.3483390302409	566.54031847771	-642.55005027161
9.3585781748524	563.23986656879	-640.68759891400
9.3688173194638	560.00983307258	-638.78448258387
9.3790564640752	556.84706961909	-636.84719664303
9.3892956086867	553.74920750970	-634.88167872208
9.3995347532981	550.71370387644	-632.89461604206
9.4097738979096	547.73613730858	-630.89313097377
9.4200130425210	544.80957770615	-628.88296564828
9.4302521871324	541.92582431871	-626.86683527200
9.4404913317439	539.07744639909	-624.84445994247
9.4507304763553	536.25880891383	-622.81407884438
9.4609696209667	533.46540204009	-620.77378114784
9.4712087655782	530.69262051542	-618.72129297241
9.4814479101896	527.93573017542	-616.65261874365
9.4916870548010	525.19147586355	-614.56129560216
9.5019261994125	522.45995550610	-612.43953083760
9.5121653440239	519.74492586950	-610.28062899271
9.5224044886353	517.05212078031	-608.08079250665
9.5326436332468	514.38701272188	-605.83896243781
9.5428827778582	511.75384574176	-603.55524765011
9.5531219224697	509.15633884092	-601.22972951324
9.5633610670811	506.59872649617	-598.86277444896
9.5736002116925	504.08558202716	-596.45618028369
9.5838393563040	501.62036429229	-594.01346837828
9.5940785009154	499.20422152477	-591.53850723545
9.6043176455268	496.83654635685	-589.03350213894
9.6145567901383	494.51709007215	-586.49824289299
9.6247959347497	492.24784711623	-583.93141834360
9.6350350793611	490.03308337397	-581.33286143790
9.6452742239726	487.87765281896	-578.70477238759
9.6555133685840	485.78530444684	-576.05109899299
9.6657525131954	483.75843932530	-573.37612115308
9.6759916578069	481.79905229258	-570.68392579709
9.6862308024183	479.90926539820	-567.97922602200
9.6964699470298	478.09037993467	-565.26824064189
9.7067090916412	476.34120194412	-562.55804020911
9.7169482362526	474.65754631541	-559.85431309354
9.7271873808641	473.03396093666	-557.15933218052
9.7374265254755	471.46660438281	-554.47204535618
9.7476656700869	469.95499160598	-551.79039796868
9.7579048146984	468.50128637618	-549.11398553895
9.7681439593098	467.10804782067	-546.44494381031
9.7783831039212	465.77661008373	-543.78679342868
9.7886222485327	464.50734477563	-541.14291335564
9.7988613931441	463.30094439820	-538.51643640039
9.8091005377555	462.15879510721	-535.91158208684
9.8193396823670	461.08159046843	-533.33468890554
9.8295788269784	460.06740833660	-530.79337215451
9.8398179715899	459.11130158787	-528.29418362444
9.8500571162013	458.20709089920	-525.84084423195
9.8602962608127	457.34985071625	-523.43473405820
9.8705354054242	456.53682742476	-521.07717575689
9.8807745500356	455.76604843748	-518.77131338877
9.8910136946470	455.03415125287	-516.52186391288
9.9012528392585	454.33565459476	-514.33323764364
9.9114919838699	453.66428039395	-512.20820741740
9.9217311284813	453.01466577229	-510.14869530679
9.9319702730928	452.38223565969	-508.15792849249
9.9422094177042	451.76078460751	-506.24155202999
9.9524485623157	451.13969475351	-504.40600806906
9.9626877069271	450.50332088859	-502.65493731362
9.9729268515385	449.83329762265	-500.98614605243
9.9831659961500	449.11211656208	-499.39111415963
9.9934051407614	448.32558672161	-497.85675915031
10.003644285373	447.46327628378	-496.36749512349
10.013883429984	446.51806745065	-494.90607529025
10.024122574596	445.48645218570	-493.45358064692
10.034361719207	444.36980059509	-491.99011284637
10.044600863819	443.17519403216	-490.49701049757
10.054840008430	441.91436403999	-488.95959868492
10.065079153041	440.60089013995	-487.36859030797
10.075318297653	439.24737831422	-485.71925187679
10.085557442264	437.86424849789	-484.00927329158
10.095796586876	436.46019255704	-482.23705376007
10.106035731487	435.04305559487	-480.40116351309
10.116274876099	433.62018174894	-478.50029450061
10.126514020710	432.19861950160	-476.53278724448
10.136753165321	430.78621434224	-474.49604889585
10.146992309933	429.39354890166	-472.38728562497
10.157231454544	428.03499177034	-470.20632220753
10.167470599156	426.72687519873	-467.95913010133
10.177709743767	425.48283991305	-465.65917078506
10.187948888379	424.30905556874	-463.32466377003
10.198188032990	423.20273707451	-460.97292860864
10.208427177602	422.15514375248	-458.61539477368
10.218666322213	421.15687298640	-456.25641126198
10.228905466824	420.20173215922	-453.89594352554
10.239144611436	419.28710325843	-451.53335772332
